# Created by Octave 5.2.0, Tue Mar 09 23:09:05 2021 IST <ashish@LinuxWorkBox>
# name: admi_data_X
# type: matrix
# rows: 500
# columns: 9
 1 1 337 118 4 4.5 4.5 9.6500000000000004 1
 1 2 324 107 4 4 4.5 8.8699999999999992 1
 1 3 316 104 3 3 3.5 8 1
 1 4 322 110 3 3.5 2.5 8.6699999999999999 1
 1 5 314 103 2 2 3 8.2100000000000009 0
 1 6 330 115 5 4.5 3 9.3399999999999999 1
 1 7 321 109 3 3 4 8.1999999999999993 1
 1 8 308 101 2 3 4 7.9000000000000004 0
 1 9 302 102 1 2 1.5 8 0
 1 10 323 108 3 3.5 3 8.5999999999999996 0
 1 11 325 106 3 3.5 4 8.4000000000000004 1
 1 12 327 111 4 4 4.5 9 1
 1 13 328 112 4 4 4.5 9.0999999999999996 1
 1 14 307 109 3 4 3 8 1
 1 15 311 104 3 3.5 2 8.1999999999999993 1
 1 16 314 105 3 3.5 2.5 8.3000000000000007 0
 1 17 317 107 3 4 3 8.6999999999999993 0
 1 18 319 106 3 4 3 8 1
 1 19 318 110 3 4 3 8.8000000000000007 0
 1 20 303 102 3 3.5 3 8.5 0
 1 21 312 107 3 3 2 7.9000000000000004 1
 1 22 325 114 4 3 2 8.4000000000000004 0
 1 23 328 116 5 5 5 9.5 1
 1 24 334 119 5 5 4.5 9.6999999999999993 1
 1 25 336 119 5 4 3.5 9.8000000000000007 1
 1 26 340 120 5 4.5 4.5 9.5999999999999996 1
 1 27 322 109 5 4.5 3.5 8.8000000000000007 0
 1 28 298 98 2 1.5 2.5 7.5 1
 1 29 295 93 1 2 2 7.2000000000000002 0
 1 30 310 99 2 1.5 2 7.2999999999999998 0
 1 31 300 97 2 3 3 8.0999999999999996 1
 1 32 327 103 3 4 4 8.3000000000000007 1
 1 33 338 118 4 3 4.5 9.4000000000000004 1
 1 34 340 114 5 4 4 9.5999999999999996 1
 1 35 331 112 5 4 5 9.8000000000000007 1
 1 36 320 110 5 5 5 9.1999999999999993 1
 1 37 299 106 2 4 4 8.4000000000000004 0
 1 38 300 105 1 1 2 7.7999999999999998 0
 1 39 304 105 1 3 1.5 7.5 0
 1 40 307 108 2 4 3.5 7.7000000000000002 0
 1 41 308 110 3 3.5 3 8 1
 1 42 316 105 2 2.5 2.5 8.1999999999999993 1
 1 43 313 107 2 2.5 2 8.5 1
 1 44 332 117 4 4.5 4 9.0999999999999996 0
 1 45 326 113 5 4.5 4 9.4000000000000004 1
 1 46 322 110 5 5 4 9.0999999999999996 1
 1 47 329 114 5 4 5 9.3000000000000007 1
 1 48 339 119 5 4.5 4 9.6999999999999993 0
 1 49 321 110 3 3.5 5 8.8499999999999996 1
 1 50 327 111 4 3 4 8.4000000000000004 1
 1 51 313 98 3 2.5 4.5 8.3000000000000007 1
 1 52 312 100 2 1.5 3.5 7.9000000000000004 1
 1 53 334 116 4 4 3 8 1
 1 54 324 112 4 4 2.5 8.0999999999999996 1
 1 55 322 110 3 3 3.5 8 0
 1 56 320 103 3 3 3 7.7000000000000002 0
 1 57 316 102 3 2 3 7.4000000000000004 0
 1 58 298 99 2 4 2 7.5999999999999996 0
 1 59 300 99 1 3 2 6.7999999999999998 1
 1 60 311 104 2 2 2 8.3000000000000007 0
 1 61 309 100 2 3 3 8.0999999999999996 0
 1 62 307 101 3 4 3 8.1999999999999993 0
 1 63 304 105 2 3 3 8.1999999999999993 1
 1 64 315 107 2 4 3 8.5 1
 1 65 325 111 3 3 3.5 8.6999999999999993 0
 1 66 325 112 4 3.5 3.5 8.9199999999999999 0
 1 67 327 114 3 3 3 9.0199999999999996 0
 1 68 316 107 2 3.5 3.5 8.6400000000000006 1
 1 69 318 109 3 3.5 4 9.2200000000000006 1
 1 70 328 115 4 4.5 4 9.1600000000000001 1
 1 71 332 118 5 5 5 9.6400000000000006 1
 1 72 336 112 5 5 5 9.7599999999999998 1
 1 73 321 111 5 5 5 9.4499999999999993 1
 1 74 314 108 4 4.5 4 9.0399999999999991 1
 1 75 314 106 3 3 5 8.9000000000000004 0
 1 76 329 114 2 2 4 8.5600000000000005 1
 1 77 327 112 3 3 3 8.7200000000000006 1
 1 78 301 99 2 3 2 8.2200000000000006 0
 1 79 296 95 2 3 2 7.54 1
 1 80 294 93 1 1.5 2 7.3600000000000003 0
 1 81 312 105 3 2 3 8.0199999999999996 1
 1 82 340 120 4 5 5 9.5 1
 1 83 320 110 5 5 4.5 9.2200000000000006 1
 1 84 322 115 5 4 4.5 9.3599999999999994 1
 1 85 340 115 5 4.5 4.5 9.4499999999999993 1
 1 86 319 103 4 4.5 3.5 8.6600000000000001 0
 1 87 315 106 3 4.5 3.5 8.4199999999999999 0
 1 88 317 107 2 3.5 3 8.2799999999999994 0
 1 89 314 108 3 4.5 3.5 8.1400000000000006 0
 1 90 316 109 4 4.5 3.5 8.7599999999999998 1
 1 91 318 106 2 4 4 7.9199999999999999 1
 1 92 299 97 3 5 3.5 7.6600000000000001 0
 1 93 298 98 2 4 3 8.0299999999999994 0
 1 94 301 97 2 3 3 7.8799999999999999 1
 1 95 303 99 3 2 2.5 7.6600000000000001 0
 1 96 304 100 4 1.5 2.5 7.8399999999999999 0
 1 97 306 100 2 3 3 8 0
 1 98 331 120 3 4 4 8.9600000000000009 1
 1 99 332 119 4 5 4.5 9.2400000000000002 1
 1 100 323 113 3 4 4 8.8800000000000008 1
 1 101 322 107 3 3.5 3.5 8.4600000000000009 1
 1 102 312 105 2 2.5 3 8.1199999999999992 0
 1 103 314 106 2 4 3.5 8.25 0
 1 104 317 104 2 4.5 4 8.4700000000000006 0
 1 105 326 112 3 3.5 3 9.0500000000000007 1
 1 106 316 110 3 4 4.5 8.7799999999999994 1
 1 107 329 111 4 4.5 4.5 9.1799999999999997 1
 1 108 338 117 4 3.5 4.5 9.4600000000000009 1
 1 109 331 116 5 5 5 9.3800000000000008 1
 1 110 304 103 5 5 4 8.6400000000000006 0
 1 111 305 108 5 3 3 8.4800000000000004 0
 1 112 321 109 4 4 4 8.6799999999999997 1
 1 113 301 107 3 3.5 3.5 8.3399999999999999 1
 1 114 320 110 2 4 3.5 8.5600000000000005 0
 1 115 311 105 3 3.5 3 8.4499999999999993 1
 1 116 310 106 4 4.5 4.5 9.0399999999999991 1
 1 117 299 102 3 4 3.5 8.6199999999999992 0
 1 118 290 104 4 2 2.5 7.46 0
 1 119 296 99 2 3 3.5 7.2800000000000002 0
 1 120 327 104 5 3 3.5 8.8399999999999999 1
 1 121 335 117 5 5 5 9.5600000000000005 1
 1 122 334 119 5 4.5 4.5 9.4800000000000004 1
 1 123 310 106 4 1.5 2.5 8.3599999999999994 0
 1 124 308 108 3 3.5 3.5 8.2200000000000006 0
 1 125 301 106 4 2.5 3 8.4700000000000006 0
 1 126 300 100 3 2 3 8.6600000000000001 1
 1 127 323 113 3 4 3 9.3200000000000003 1
 1 128 319 112 3 2.5 2 8.7100000000000009 1
 1 129 326 112 3 3.5 3 9.0999999999999996 1
 1 130 333 118 5 5 5 9.3499999999999996 1
 1 131 339 114 5 4 4.5 9.7599999999999998 1
 1 132 303 105 5 5 4.5 8.6500000000000004 0
 1 133 309 105 5 3.5 3.5 8.5600000000000005 0
 1 134 323 112 5 4 4.5 8.7799999999999994 0
 1 135 333 113 5 4 4 9.2799999999999994 1
 1 136 314 109 4 3.5 4 8.7699999999999996 1
 1 137 312 103 3 5 4 8.4499999999999993 0
 1 138 316 100 2 1.5 3 8.1600000000000001 1
 1 139 326 116 2 4.5 3 9.0800000000000001 1
 1 140 318 109 1 3.5 3.5 9.1199999999999992 0
 1 141 329 110 2 4 3 9.1500000000000004 1
 1 142 332 118 2 4.5 3.5 9.3599999999999994 1
 1 143 331 115 5 4 3.5 9.4399999999999995 1
 1 144 340 120 4 4.5 4 9.9199999999999999 1
 1 145 325 112 2 3 3.5 8.9600000000000009 1
 1 146 320 113 2 2 2.5 8.6400000000000006 1
 1 147 315 105 3 2 2.5 8.4800000000000004 0
 1 148 326 114 3 3 3 9.1099999999999994 1
 1 149 339 116 4 4 3.5 9.8000000000000007 1
 1 150 311 106 2 3.5 3 8.2599999999999998 1
 1 151 334 114 4 4 4 9.4299999999999997 1
 1 152 332 116 5 5 5 9.2799999999999994 1
 1 153 321 112 5 5 5 9.0600000000000005 1
 1 154 324 105 3 3 4 8.75 0
 1 155 326 108 3 3 3.5 8.8900000000000006 0
 1 156 312 109 3 3 3 8.6899999999999995 0
 1 157 315 105 3 2 2.5 8.3399999999999999 0
 1 158 309 104 2 2 2.5 8.2599999999999998 0
 1 159 306 106 2 2 2.5 8.1400000000000006 0
 1 160 297 100 1 1.5 2 7.9000000000000004 0
 1 161 315 103 1 1.5 2 7.8600000000000003 0
 1 162 298 99 1 1.5 3 7.46 0
 1 163 318 109 3 3 3 8.5 0
 1 164 317 105 3 3.5 3 8.5600000000000005 0
 1 165 329 111 4 4.5 4 9.0099999999999998 1
 1 166 322 110 5 4.5 4 8.9700000000000006 0
 1 167 302 102 3 3.5 5 8.3300000000000001 0
 1 168 313 102 3 2 3 8.2699999999999996 0
 1 169 293 97 2 2 4 7.7999999999999998 1
 1 170 311 99 2 2.5 3 7.9800000000000004 0
 1 171 312 101 2 2.5 3.5 8.0399999999999991 1
 1 172 334 117 5 4 4.5 9.0700000000000003 1
 1 173 322 110 4 4 5 9.1300000000000008 1
 1 174 323 113 4 4 4.5 9.2300000000000004 1
 1 175 321 111 4 4 4 8.9700000000000006 1
 1 176 320 111 4 4.5 3.5 8.8699999999999992 1
 1 177 329 119 4 4.5 4.5 9.1600000000000001 1
 1 178 319 110 3 3.5 3.5 9.0399999999999991 0
 1 179 309 108 3 2.5 3 8.1199999999999992 0
 1 180 307 102 3 3 3 8.2699999999999996 0
 1 181 300 104 3 3.5 3 8.1600000000000001 0
 1 182 305 107 2 2.5 2.5 8.4199999999999999 0
 1 183 299 100 2 3 3.5 7.8799999999999999 0
 1 184 314 110 3 4 4 8.8000000000000007 0
 1 185 316 106 2 2.5 4 8.3200000000000003 0
 1 186 327 113 4 4.5 4.5 9.1099999999999994 1
 1 187 317 107 3 3.5 3 8.6799999999999997 1
 1 188 335 118 5 4.5 3.5 9.4399999999999995 1
 1 189 331 115 5 4.5 3.5 9.3599999999999994 1
 1 190 324 112 5 5 5 9.0800000000000001 1
 1 191 324 111 5 4.5 4 9.1600000000000001 1
